-0.3854815387531117
2.3422228888354963
3.2702336872928477
-0.05469343902994748
2.019355814328972
-2.5078335515324546
0.2567848369898162
-0.3551271271041177
-1.5385219259236262
2.366677053485543
-0.6125281522060824
-0.053038578992129985
-2.299530076872981
0.3341923524002926
-0.20498360652554232
-2.3947663103753833
-0.005903992988387502
0.24693110286024372
0.9511273591334928
1.2836225003577832
1.2445143176568496
1.1479340919219314
1.0953950980037281
0.9998711072644236
0.9510173249463012
0.9269542543202938
0.8471659398231606
0.8122539010515918
0.7514909722150855
0.7166026578885528
0.6411475291521423
0.60764271420631
0.5618181054280855
0.5430796182438078
0.4978060519751777
0.44832452414276425
0.39207430527727066
0.3897820302844342
0.41167943771649257
0.40105762857758415
0.3938105209826157
0.44253227197504247
0.48420786245262104
0.47694866704711103
0.4915355425639196
0.5161683999373486
0.5961704909630241
0.6070310102773336
0.6246649730502818
0.6499729162548578
0.6681947666864768
0.6568899194780247
0.7054858881875915
0.7402380460835876
0.7385946136705431
0.7312434986957762
0.7053911284505169
0.7109451341854796
0.6885385654596446
0.6928335562427418
0.6763939301967304
0.6705175634682708
0.6606802675991819
0.6733307452200142
0.6395574280762953
0.6197608309756928
0.6124984649311755
0.569677550170852
0.5661503656114732
0.5423195151295939
0.557809864072277
0.4909013245669896
0.464100250848327
0.45060315622087527
0.4197393957104498
0.4519431008591223
0.40041257184685813
0.3904197251080529
0.36072573241970823
0.35124299782054214
0.34923129444802853
0.3740070136227791
0.2924447922812306
0.26733810039822115
0.2632964481851608
0.30502598582596097
0.274725819111168
0.26095650618629485
0.25079609555969623
0.24690161185214707
0.22838007081089579
0.2255338535627616
0.1941779610933592
0.18468423594384756
0.2395637216712308
0.1737460973787106
0.22352373830537278
0.20955792579702517
0.191370167630836
0.2182992891281816
0.1990065443353865
0.1535552566603218
0.15941923854622939
0.19532192594980463
0.17772848273511488
0.13057662836976963
0.19110272718735885
0.1768319376410413
0.16149445124862033
0.20368317951160597
0.16040125942599837
0.14892485978490894
0.16157398815599675
0.16902829833030814
0.14392357368232322
0.1701046800894475
0.16589176057310484
0.18703622804291195
0.15255208402115972
0.14607837909279686
0.16644767868775362
0.18207631013592884
0.16318906115626233
0.16597371293572805
0.17375177073374115
0.12210217818323493
0.15499590015552808
0.1729103477838769
0.15871002474335827
0.13799604788246003
0.14342757134676104
0.17603137181954256
0.15842287826389834
0.16402060180673705
0.15686048917545403
0.13527133528257954
0.15728012050488996
0.11258699275002691
0.13198349565177023
0.16943193779379412
0.15590490699170112
0.14604657212509684
0.16443967926203176
0.159599036004246
0.15697225679735427
0.15187957939877933
0.09906855157781724
0.10117693882642036
0.11470547442442919
0.14848986947738418
0.1268616730269133
0.12003342748009782
0.15439016700276906
0.14751625543660868
0.1475519465796685
0.14195319131367648
0.13350708623965898
0.10271014022549377
0.12315731863135601
0.12686867124809897
0.1428584569505621
0.12939218858665177
0.08772409344121916
0.13861188168979796
0.10692386066543101
0.13219532820027777
